Parameter_count: 6
Tensor_size: 32
Tensor_content: 1059129820 1049685259 3203265970 1064948378 1061385406 1053421535 3204742968 3192336147 3207274092 3205113577 1041705157 3205107005 1064956805 1063014369 1046722816 3209767436 3211953076 1065974512 1051533542 1057644889 1059223204 1040376618 3206134547 3185216459 1051404034 1066652729 3207180689 1040923285 3206743318 3183436627 1059573886 1030518426 
Tensor_size: 16
Tensor_content: 1052718409 3105714354 3188154485 3197667413 1055013828 3207943288 3196494636 1059584274 1058574411 1038488165 3211844246 3197830968 3210041256 3206494108 3213981826 3120915086 
Tensor_size: 256
Tensor_content: 1028618880 3206983201 3204343795 1050936812 1062143897 3178416727 3209629642 1045655950 3180786814 3213781949 3202476279 3213147401 1055426918 1053437794 1066453082 1036373581 3212392271 1059030738 3211935843 3200519270 3204926110 3212467767 3201516518 3203035834 3196317152 1065166514 3207899451 1062357629 1049055369 1057703885 3177157929 1051083629 3214601123 3202373919 1033659680 1064073611 3210548545 1062148556 3196130329 3198053912 3209644376 3205475302 3213166226 1064373479 1057826200 1043593655 1052253770 3208643763 3212588392 1058997514 1059650311 1015282313 3194658645 3202741988 3208343427 3213067634 3188819196 3212443296 1048751487 3192269283 3194634684 1063329986 3164505679 1060240466 1050558404 1059470313 1059625207 3205887584 3172957854 3197977759 1064122861 1060482888 3202024790 3208719418 1040867409 3204246602 3183795306 1057630931 3191824081 1056171731 1062339835 1065933009 3215807942 3199014589 1040428336 1063310611 1061791332 1060429236 1054584154 3207014406 3187910725 3187821403 1026804624 3176571943 3204038052 3201955295 1055267174 1049574620 958185434 1059919061 1054584174 3204382223 3208746727 1054978015 1035099681 1058649988 1044614204 3183056295 3214519706 1066904979 1051475220 3185650066 1063831144 3211809644 1061016247 1063286846 3211468416 1064070891 1049854498 3214083225 3176818788 1058708933 1058098089 3200951959 3210395514 1049179013 3204717423 1052421707 3205872731 3197359552 1058842632 1034495609 3215230715 1062786728 1060923699 3213376698 1058612610 1019431984 1057437996 1059061548 1060785882 3197513326 3203761671 3207624049 3205088954 1060627411 1063223799 3193227009 1051332723 3199468456 1062952298 1057461903 1062919190 3183592711 3209180711 1057025124 1007260563 1057343378 1067281545 1044098160 1043048391 3199567942 1048762695 1067680584 1053336456 3203499787 3204889195 1051786435 3202110694 3204569370 1054780001 3207445025 1057262350 1065571885 1050300915 1056070881 3206825881 1052943572 3207794817 3193914989 1022353837 3186220158 3190178615 3184499027 1061403849 3206575196 1038873320 3212512287 1050248986 3188186852 1066064958 3197454596 1048326880 1067672145 1057315866 1057556418 1047678763 1059146915 3197014860 3199089672 3213223451 1057883180 1037865384 1063521402 3186655871 1050856516 1052028605 3184198851 3201945352 1009594978 3194466785 1057160373 3201363893 3207244187 1027292236 1047067763 3183193247 1040716480 3145735707 3189332466 1050351083 1060497361 3202775611 3212932190 3192988662 1060672612 3202663455 3206010390 1041231164 1049927228 3198889174 1064817945 1062374733 1053344076 3206792280 3209482156 1050277658 1049178400 1058489039 1060412649 3215726983 3206524133 3205204119 3154304862 1049564455 3212618151 1032911589 1043095890 1058701114 3192166575 3214777820 1066758804 3201362079 1050865965 1026016828 3199040035 
Tensor_size: 16
Tensor_content: 1060472354 3212724268 3188865322 3203266744 3208234166 1052351280 3189617830 3190451167 3192882981 3208402806 1058849917 1058200267 3196826364 1032576786 3183763589 3213401813 
Tensor_size: 16
Tensor_content: 1053646194 3204825290 1063338488 3212906635 1060383139 1054636218 1049664939 1027253571 3207814265 1060121656 1057254136 3195671566 1042617935 3211261885 3207130049 1041286902 
Tensor_size: 1
Tensor_content: 1059167101 
